(kicad_pcb (version 20171130) (host pcbnew 5.0.1)

  (general
    (thickness 1.6)
    (drawings 0)
    (tracks 12)
    (zones 0)
    (modules 44)
    (nets 23)
  )

  (page A4)
  (layers
    (0 F.Cu signal)
    (31 B.Cu signal)
    (32 B.Adhes user)
    (33 F.Adhes user)
    (34 B.Paste user)
    (35 F.Paste user)
    (36 B.SilkS user)
    (37 F.SilkS user)
    (38 B.Mask user)
    (39 F.Mask user)
    (40 Dwgs.User user)
    (41 Cmts.User user)
    (42 Eco1.User user)
    (43 Eco2.User user)
    (44 Edge.Cuts user)
    (45 Margin user)
    (46 B.CrtYd user)
    (47 F.CrtYd user)
    (48 B.Fab user hide)
    (49 F.Fab user hide)
  )

  (setup
    (last_trace_width 4)
    (user_trace_width 0.2)
    (user_trace_width 0.4)
    (user_trace_width 0.8)
    (user_trace_width 1)
    (user_trace_width 1.2)
    (user_trace_width 2)
    (user_trace_width 4)
    (trace_clearance 0.2)
    (zone_clearance 0.508)
    (zone_45_only no)
    (trace_min 0.2)
    (segment_width 0.2)
    (edge_width 0.15)
    (via_size 0.8)
    (via_drill 0.4)
    (via_min_size 0.4)
    (via_min_drill 0.3)
    (uvia_size 0.3)
    (uvia_drill 0.1)
    (uvias_allowed no)
    (uvia_min_size 0.2)
    (uvia_min_drill 0.1)
    (pcb_text_width 0.3)
    (pcb_text_size 1.5 1.5)
    (mod_edge_width 0.15)
    (mod_text_size 1 1)
    (mod_text_width 0.15)
    (pad_size 1.524 1.524)
    (pad_drill 0.762)
    (pad_to_mask_clearance 0.051)
    (solder_mask_min_width 0.25)
    (aux_axis_origin 0 0)
    (visible_elements FFFFFF7F)
    (pcbplotparams
      (layerselection 0x010fc_ffffffff)
      (usegerberextensions false)
      (usegerberattributes false)
      (usegerberadvancedattributes false)
      (creategerberjobfile false)
      (excludeedgelayer true)
      (linewidth 0.100000)
      (plotframeref false)
      (viasonmask false)
      (mode 1)
      (useauxorigin false)
      (hpglpennumber 1)
      (hpglpenspeed 20)
      (hpglpendiameter 15.000000)
      (psnegative false)
      (psa4output false)
      (plotreference true)
      (plotvalue true)
      (plotinvisibletext false)
      (padsonsilk false)
      (subtractmaskfromsilk false)
      (outputformat 1)
      (mirror false)
      (drillshape 1)
      (scaleselection 1)
      (outputdirectory ""))
  )

  (net 0 "")
  (net 1 GND)
  (net 2 /sheet5DB72311/DIN)
  (net 3 /sheet5DB72312/DIN)
  (net 4 VCC)
  (net 5 DOUT)
  (net 6 DIN)
  (net 7 /sheet5DB71716/DIN)
  (net 8 /sheet5DB71767/DIN)
  (net 9 /sheet5DB71800/DIN)
  (net 10 /sheet5DB718FF/DIN)
  (net 11 /sheet5DB71B84/DIN)
  (net 12 /sheet5DB71B85/DIN)
  (net 13 /sheet5DB71B86/DIN)
  (net 14 /sheet5DB71B87/DIN)
  (net 15 /sheet5DB71B88/DIN)
  (net 16 /sheet5DB7230E/DIN)
  (net 17 /sheet5DB7230F/DIN)
  (net 18 /sheet5DB72310/DIN)
  (net 19 +24V)
  (net 20 /sheet5DBB0857/DIN)
  (net 21 /sheet5DBB211F/DIN)
  (net 22 /sheet5DBA4166/DIN)

  (net_class Default "This is the default net class."
    (clearance 0.2)
    (trace_width 0.25)
    (via_dia 0.8)
    (via_drill 0.4)
    (uvia_dia 0.3)
    (uvia_drill 0.1)
    (add_net +24V)
    (add_net /sheet5DB71716/DIN)
    (add_net /sheet5DB71767/DIN)
    (add_net /sheet5DB71800/DIN)
    (add_net /sheet5DB718FF/DIN)
    (add_net /sheet5DB71B84/DIN)
    (add_net /sheet5DB71B85/DIN)
    (add_net /sheet5DB71B86/DIN)
    (add_net /sheet5DB71B87/DIN)
    (add_net /sheet5DB71B88/DIN)
    (add_net /sheet5DB7230E/DIN)
    (add_net /sheet5DB7230F/DIN)
    (add_net /sheet5DB72310/DIN)
    (add_net /sheet5DB72311/DIN)
    (add_net /sheet5DB72312/DIN)
    (add_net /sheet5DBA4166/DIN)
    (add_net /sheet5DBB0857/DIN)
    (add_net /sheet5DBB211F/DIN)
    (add_net DIN)
    (add_net DOUT)
    (add_net GND)
    (add_net VCC)
  )

  (module Capacitor_SMD:C_0603_1608Metric (layer F.Cu) (tedit 5B301BBE) (tstamp 5DC7E0B1)
    (at 25.75 74.25 315)
    (descr "Capacitor SMD 0603 (1608 Metric), square (rectangular) end terminal, IPC_7351 nominal, (Body size source: http://www.tortai-tech.com/upload/download/2011102023233369053.pdf), generated with kicad-footprint-generator")
    (tags capacitor)
    (path /5DBB212C/5DB60BAD)
    (attr smd)
    (fp_text reference C22 (at 0 -1.43 315) (layer F.SilkS)
      (effects (font (size 1 1) (thickness 0.15)))
    )
    (fp_text value C (at 0 1.43 315) (layer F.Fab)
      (effects (font (size 1 1) (thickness 0.15)))
    )
    (fp_line (start -0.8 0.4) (end -0.8 -0.4) (layer F.Fab) (width 0.1))
    (fp_line (start -0.8 -0.4) (end 0.8 -0.4) (layer F.Fab) (width 0.1))
    (fp_line (start 0.8 -0.4) (end 0.8 0.4) (layer F.Fab) (width 0.1))
    (fp_line (start 0.8 0.4) (end -0.8 0.4) (layer F.Fab) (width 0.1))
    (fp_line (start -0.162779 -0.51) (end 0.162779 -0.51) (layer F.SilkS) (width 0.12))
    (fp_line (start -0.162779 0.51) (end 0.162779 0.51) (layer F.SilkS) (width 0.12))
    (fp_line (start -1.48 0.73) (end -1.48 -0.73) (layer F.CrtYd) (width 0.05))
    (fp_line (start -1.48 -0.73) (end 1.48 -0.73) (layer F.CrtYd) (width 0.05))
    (fp_line (start 1.48 -0.73) (end 1.48 0.73) (layer F.CrtYd) (width 0.05))
    (fp_line (start 1.48 0.73) (end -1.48 0.73) (layer F.CrtYd) (width 0.05))
    (fp_text user %R (at 0 0 315) (layer F.Fab)
      (effects (font (size 0.4 0.4) (thickness 0.06)))
    )
    (pad 1 smd roundrect (at -0.7875 0 315) (size 0.875 0.95) (layers F.Cu F.Paste F.Mask) (roundrect_rratio 0.25)
      (net 4 VCC))
    (pad 2 smd roundrect (at 0.7875 0 315) (size 0.875 0.95) (layers F.Cu F.Paste F.Mask) (roundrect_rratio 0.25)
      (net 1 GND))
    (model ${KISYS3DMOD}/Capacitor_SMD.3dshapes/C_0603_1608Metric.wrl
      (at (xyz 0 0 0))
      (scale (xyz 1 1 1))
      (rotate (xyz 0 0 0))
    )
  )

  (module Capacitor_SMD:C_0603_1608Metric (layer F.Cu) (tedit 5B301BBE) (tstamp 5DC7DEC0)
    (at 68.25 74 135)
    (descr "Capacitor SMD 0603 (1608 Metric), square (rectangular) end terminal, IPC_7351 nominal, (Body size source: http://www.tortai-tech.com/upload/download/2011102023233369053.pdf), generated with kicad-footprint-generator")
    (tags capacitor)
    (path /5DBA416C/5DB60BAD)
    (attr smd)
    (fp_text reference C20 (at 0 -1.43 135) (layer F.SilkS)
      (effects (font (size 1 1) (thickness 0.15)))
    )
    (fp_text value C (at 0 1.43 135) (layer F.Fab)
      (effects (font (size 1 1) (thickness 0.15)))
    )
    (fp_text user %R (at 0 0 135) (layer F.Fab)
      (effects (font (size 0.4 0.4) (thickness 0.06)))
    )
    (fp_line (start 1.48 0.73) (end -1.48 0.73) (layer F.CrtYd) (width 0.05))
    (fp_line (start 1.48 -0.73) (end 1.48 0.73) (layer F.CrtYd) (width 0.05))
    (fp_line (start -1.48 -0.73) (end 1.48 -0.73) (layer F.CrtYd) (width 0.05))
    (fp_line (start -1.48 0.73) (end -1.48 -0.73) (layer F.CrtYd) (width 0.05))
    (fp_line (start -0.162779 0.51) (end 0.162779 0.51) (layer F.SilkS) (width 0.12))
    (fp_line (start -0.162779 -0.51) (end 0.162779 -0.51) (layer F.SilkS) (width 0.12))
    (fp_line (start 0.8 0.4) (end -0.8 0.4) (layer F.Fab) (width 0.1))
    (fp_line (start 0.8 -0.4) (end 0.8 0.4) (layer F.Fab) (width 0.1))
    (fp_line (start -0.8 -0.4) (end 0.8 -0.4) (layer F.Fab) (width 0.1))
    (fp_line (start -0.8 0.4) (end -0.8 -0.4) (layer F.Fab) (width 0.1))
    (pad 2 smd roundrect (at 0.7875 0 135) (size 0.875 0.95) (layers F.Cu F.Paste F.Mask) (roundrect_rratio 0.25)
      (net 1 GND))
    (pad 1 smd roundrect (at -0.7875 0 135) (size 0.875 0.95) (layers F.Cu F.Paste F.Mask) (roundrect_rratio 0.25)
      (net 4 VCC))
    (model ${KISYS3DMOD}/Capacitor_SMD.3dshapes/C_0603_1608Metric.wrl
      (at (xyz 0 0 0))
      (scale (xyz 1 1 1))
      (rotate (xyz 0 0 0))
    )
  )

  (module Capacitor_SMD:C_0603_1608Metric (layer F.Cu) (tedit 5B301BBE) (tstamp 5DC7DEAF)
    (at 37.25 76 135)
    (descr "Capacitor SMD 0603 (1608 Metric), square (rectangular) end terminal, IPC_7351 nominal, (Body size source: http://www.tortai-tech.com/upload/download/2011102023233369053.pdf), generated with kicad-footprint-generator")
    (tags capacitor)
    (path /5DBB085D/5DB60BAD)
    (attr smd)
    (fp_text reference C21 (at 0 -1.43 135) (layer F.SilkS)
      (effects (font (size 1 1) (thickness 0.15)))
    )
    (fp_text value C (at 0 1.43 135) (layer F.Fab)
      (effects (font (size 1 1) (thickness 0.15)))
    )
    (fp_line (start -0.8 0.4) (end -0.8 -0.4) (layer F.Fab) (width 0.1))
    (fp_line (start -0.8 -0.4) (end 0.8 -0.4) (layer F.Fab) (width 0.1))
    (fp_line (start 0.8 -0.4) (end 0.8 0.4) (layer F.Fab) (width 0.1))
    (fp_line (start 0.8 0.4) (end -0.8 0.4) (layer F.Fab) (width 0.1))
    (fp_line (start -0.162779 -0.51) (end 0.162779 -0.51) (layer F.SilkS) (width 0.12))
    (fp_line (start -0.162779 0.51) (end 0.162779 0.51) (layer F.SilkS) (width 0.12))
    (fp_line (start -1.48 0.73) (end -1.48 -0.73) (layer F.CrtYd) (width 0.05))
    (fp_line (start -1.48 -0.73) (end 1.48 -0.73) (layer F.CrtYd) (width 0.05))
    (fp_line (start 1.48 -0.73) (end 1.48 0.73) (layer F.CrtYd) (width 0.05))
    (fp_line (start 1.48 0.73) (end -1.48 0.73) (layer F.CrtYd) (width 0.05))
    (fp_text user %R (at 0 0 135) (layer F.Fab)
      (effects (font (size 0.4 0.4) (thickness 0.06)))
    )
    (pad 1 smd roundrect (at -0.7875 0 135) (size 0.875 0.95) (layers F.Cu F.Paste F.Mask) (roundrect_rratio 0.25)
      (net 4 VCC))
    (pad 2 smd roundrect (at 0.7875 0 135) (size 0.875 0.95) (layers F.Cu F.Paste F.Mask) (roundrect_rratio 0.25)
      (net 1 GND))
    (model ${KISYS3DMOD}/Capacitor_SMD.3dshapes/C_0603_1608Metric.wrl
      (at (xyz 0 0 0))
      (scale (xyz 1 1 1))
      (rotate (xyz 0 0 0))
    )
  )

  (module LED_SMD:LED_WS2812B_PLCC4_5.0x5.0mm_P3.2mm (layer F.Cu) (tedit 5AA4B285) (tstamp 5DC7DB86)
    (at 70 70 135)
    (descr https://cdn-shop.adafruit.com/datasheets/WS2812B.pdf)
    (tags "LED RGB NeoPixel")
    (path /5DBA416C/5DB60B51)
    (attr smd)
    (fp_text reference D16 (at 0 -3.5 135) (layer F.SilkS)
      (effects (font (size 1 1) (thickness 0.15)))
    )
    (fp_text value WS2812B (at 0 4 135) (layer F.Fab)
      (effects (font (size 1 1) (thickness 0.15)))
    )
    (fp_text user 1 (at -4.15 -1.6 135) (layer F.SilkS)
      (effects (font (size 1 1) (thickness 0.15)))
    )
    (fp_text user %R (at 0 0 135) (layer F.Fab)
      (effects (font (size 0.8 0.8) (thickness 0.15)))
    )
    (fp_line (start 3.45 -2.75) (end -3.45 -2.75) (layer F.CrtYd) (width 0.05))
    (fp_line (start 3.45 2.75) (end 3.45 -2.75) (layer F.CrtYd) (width 0.05))
    (fp_line (start -3.45 2.75) (end 3.45 2.75) (layer F.CrtYd) (width 0.05))
    (fp_line (start -3.45 -2.75) (end -3.45 2.75) (layer F.CrtYd) (width 0.05))
    (fp_line (start 2.5 1.5) (end 1.5 2.5) (layer F.Fab) (width 0.1))
    (fp_line (start -2.5 -2.5) (end -2.5 2.5) (layer F.Fab) (width 0.1))
    (fp_line (start -2.5 2.5) (end 2.5 2.5) (layer F.Fab) (width 0.1))
    (fp_line (start 2.5 2.5) (end 2.5 -2.5) (layer F.Fab) (width 0.1))
    (fp_line (start 2.5 -2.5) (end -2.5 -2.5) (layer F.Fab) (width 0.1))
    (fp_line (start -3.65 -2.75) (end 3.65 -2.75) (layer F.SilkS) (width 0.12))
    (fp_line (start -3.65 2.75) (end 3.65 2.75) (layer F.SilkS) (width 0.12))
    (fp_line (start 3.65 2.75) (end 3.65 1.6) (layer F.SilkS) (width 0.12))
    (fp_circle (center 0 0) (end 0 -2.000001) (layer F.Fab) (width 0.1))
    (pad 3 smd rect (at 2.45 1.6 135) (size 1.5 1) (layers F.Cu F.Paste F.Mask)
      (net 1 GND))
    (pad 4 smd rect (at 2.45 -1.6 135) (size 1.5 1) (layers F.Cu F.Paste F.Mask)
      (net 22 /sheet5DBA4166/DIN))
    (pad 2 smd rect (at -2.45 1.6 135) (size 1.5 1) (layers F.Cu F.Paste F.Mask)
      (net 15 /sheet5DB71B88/DIN))
    (pad 1 smd rect (at -2.45 -1.6 135) (size 1.5 1) (layers F.Cu F.Paste F.Mask)
      (net 4 VCC))
    (model ${KISYS3DMOD}/LED_SMD.3dshapes/LED_WS2812B_PLCC4_5.0x5.0mm_P3.2mm.wrl
      (at (xyz 0 0 0))
      (scale (xyz 1 1 1))
      (rotate (xyz 0 0 0))
    )
  )

  (module LED_SMD:LED_WS2812B_PLCC4_5.0x5.0mm_P3.2mm (layer F.Cu) (tedit 5AA4B285) (tstamp 5DC7DB6F)
    (at 24 78.25 315)
    (descr https://cdn-shop.adafruit.com/datasheets/WS2812B.pdf)
    (tags "LED RGB NeoPixel")
    (path /5DBB212C/5DB60B51)
    (attr smd)
    (fp_text reference D18 (at 0 -3.5 315) (layer F.SilkS)
      (effects (font (size 1 1) (thickness 0.15)))
    )
    (fp_text value WS2812B (at 0 4 315) (layer F.Fab)
      (effects (font (size 1 1) (thickness 0.15)))
    )
    (fp_circle (center 0 0) (end 0 -2) (layer F.Fab) (width 0.1))
    (fp_line (start 3.65 2.75) (end 3.65 1.6) (layer F.SilkS) (width 0.12))
    (fp_line (start -3.65 2.75) (end 3.65 2.75) (layer F.SilkS) (width 0.12))
    (fp_line (start -3.65 -2.75) (end 3.65 -2.75) (layer F.SilkS) (width 0.12))
    (fp_line (start 2.5 -2.5) (end -2.5 -2.5) (layer F.Fab) (width 0.1))
    (fp_line (start 2.5 2.5) (end 2.5 -2.5) (layer F.Fab) (width 0.1))
    (fp_line (start -2.5 2.5) (end 2.5 2.5) (layer F.Fab) (width 0.1))
    (fp_line (start -2.5 -2.5) (end -2.5 2.5) (layer F.Fab) (width 0.1))
    (fp_line (start 2.5 1.5) (end 1.5 2.5) (layer F.Fab) (width 0.1))
    (fp_line (start -3.45 -2.75) (end -3.45 2.75) (layer F.CrtYd) (width 0.05))
    (fp_line (start -3.45 2.75) (end 3.45 2.75) (layer F.CrtYd) (width 0.05))
    (fp_line (start 3.45 2.75) (end 3.45 -2.75) (layer F.CrtYd) (width 0.05))
    (fp_line (start 3.45 -2.75) (end -3.45 -2.75) (layer F.CrtYd) (width 0.05))
    (fp_text user %R (at 0 0 315) (layer F.Fab)
      (effects (font (size 0.8 0.8) (thickness 0.15)))
    )
    (fp_text user 1 (at -4.15 -1.6 315) (layer F.SilkS)
      (effects (font (size 1 1) (thickness 0.15)))
    )
    (pad 1 smd rect (at -2.45 -1.6 315) (size 1.5 1) (layers F.Cu F.Paste F.Mask)
      (net 4 VCC))
    (pad 2 smd rect (at -2.45 1.6 315) (size 1.5 1) (layers F.Cu F.Paste F.Mask)
      (net 5 DOUT))
    (pad 4 smd rect (at 2.45 -1.6 315) (size 1.5 1) (layers F.Cu F.Paste F.Mask)
      (net 21 /sheet5DBB211F/DIN))
    (pad 3 smd rect (at 2.45 1.6 315) (size 1.5 1) (layers F.Cu F.Paste F.Mask)
      (net 1 GND))
    (model ${KISYS3DMOD}/LED_SMD.3dshapes/LED_WS2812B_PLCC4_5.0x5.0mm_P3.2mm.wrl
      (at (xyz 0 0 0))
      (scale (xyz 1 1 1))
      (rotate (xyz 0 0 0))
    )
  )

  (module LED_SMD:LED_WS2812B_PLCC4_5.0x5.0mm_P3.2mm (layer F.Cu) (tedit 5AA4B285) (tstamp 5DC7DB58)
    (at 39 72 135)
    (descr https://cdn-shop.adafruit.com/datasheets/WS2812B.pdf)
    (tags "LED RGB NeoPixel")
    (path /5DBB085D/5DB60B51)
    (attr smd)
    (fp_text reference D17 (at 0 -3.5 135) (layer F.SilkS)
      (effects (font (size 1 1) (thickness 0.15)))
    )
    (fp_text value WS2812B (at 0 4 135) (layer F.Fab)
      (effects (font (size 1 1) (thickness 0.15)))
    )
    (fp_text user 1 (at -4.15 -1.6 135) (layer F.SilkS)
      (effects (font (size 1 1) (thickness 0.15)))
    )
    (fp_text user %R (at 0 0 135) (layer F.Fab)
      (effects (font (size 0.8 0.8) (thickness 0.15)))
    )
    (fp_line (start 3.45 -2.75) (end -3.45 -2.75) (layer F.CrtYd) (width 0.05))
    (fp_line (start 3.45 2.75) (end 3.45 -2.75) (layer F.CrtYd) (width 0.05))
    (fp_line (start -3.45 2.75) (end 3.45 2.75) (layer F.CrtYd) (width 0.05))
    (fp_line (start -3.45 -2.75) (end -3.45 2.75) (layer F.CrtYd) (width 0.05))
    (fp_line (start 2.5 1.5) (end 1.5 2.5) (layer F.Fab) (width 0.1))
    (fp_line (start -2.5 -2.5) (end -2.5 2.5) (layer F.Fab) (width 0.1))
    (fp_line (start -2.5 2.5) (end 2.5 2.5) (layer F.Fab) (width 0.1))
    (fp_line (start 2.5 2.5) (end 2.5 -2.5) (layer F.Fab) (width 0.1))
    (fp_line (start 2.5 -2.5) (end -2.5 -2.5) (layer F.Fab) (width 0.1))
    (fp_line (start -3.65 -2.75) (end 3.65 -2.75) (layer F.SilkS) (width 0.12))
    (fp_line (start -3.65 2.75) (end 3.65 2.75) (layer F.SilkS) (width 0.12))
    (fp_line (start 3.65 2.75) (end 3.65 1.6) (layer F.SilkS) (width 0.12))
    (fp_circle (center 0 0) (end 0 -2) (layer F.Fab) (width 0.1))
    (pad 3 smd rect (at 2.45 1.6 135) (size 1.5 1) (layers F.Cu F.Paste F.Mask)
      (net 1 GND))
    (pad 4 smd rect (at 2.45 -1.6 135) (size 1.5 1) (layers F.Cu F.Paste F.Mask)
      (net 20 /sheet5DBB0857/DIN))
    (pad 2 smd rect (at -2.45 1.6 135) (size 1.5 1) (layers F.Cu F.Paste F.Mask)
      (net 21 /sheet5DBB211F/DIN))
    (pad 1 smd rect (at -2.45 -1.6 135) (size 1.5 1) (layers F.Cu F.Paste F.Mask)
      (net 4 VCC))
    (model ${KISYS3DMOD}/LED_SMD.3dshapes/LED_WS2812B_PLCC4_5.0x5.0mm_P3.2mm.wrl
      (at (xyz 0 0 0))
      (scale (xyz 1 1 1))
      (rotate (xyz 0 0 0))
    )
  )

  (module otter:LM2596-DC-DC (layer B.Cu) (tedit 5DB9F997) (tstamp 5DC79198)
    (at 62.259848 50.057713 45)
    (path /5DB8D91F)
    (fp_text reference U1 (at -0.05 10 45) (layer B.SilkS)
      (effects (font (size 1 1) (thickness 0.15)) (justify mirror))
    )
    (fp_text value TPS-DC-DC (at -0.05 11 45) (layer B.Fab)
      (effects (font (size 1 1) (thickness 0.15)) (justify mirror))
    )
    (fp_line (start -11 2.7) (end -11 -2.7) (layer B.SilkS) (width 0.1))
    (fp_line (start 11 2.7) (end 11 -2.7) (layer B.SilkS) (width 0.1))
    (fp_line (start -7.9 -8.2) (end 7.9 -8.2) (layer B.SilkS) (width 0.1))
    (fp_line (start -7.9 8.2) (end 7.9 8.2) (layer B.SilkS) (width 0.1))
    (fp_text user IN (at -9.4 0 45) (layer B.SilkS)
      (effects (font (size 2 2) (thickness 0.15)) (justify mirror))
    )
    (fp_text user OUT (at 7.95 0 45) (layer B.SilkS)
      (effects (font (size 2 2) (thickness 0.15)) (justify mirror))
    )
    (fp_line (start -6.5 0) (end 3.9 0) (layer B.SilkS) (width 0.2))
    (fp_line (start 4 0) (end 2.5 1) (layer B.SilkS) (width 0.1))
    (fp_line (start 2.5 1) (end 2.5 -1) (layer B.SilkS) (width 0.1))
    (fp_line (start 2.5 -1) (end 4 0) (layer B.SilkS) (width 0.1))
    (fp_line (start 2.6 -0.85) (end 2.6 0.85) (layer B.SilkS) (width 0.1))
    (fp_line (start 2.7 -0.8) (end 2.7 0.75) (layer B.SilkS) (width 0.1))
    (fp_line (start 2.8 0.75) (end 2.8 -0.8) (layer B.SilkS) (width 0.1))
    (fp_line (start 2.9 -0.7) (end 2.9 0.7) (layer B.SilkS) (width 0.1))
    (fp_line (start 3 0.65) (end 3 -0.6) (layer B.SilkS) (width 0.1))
    (fp_line (start 3.1 -0.55) (end 3.1 0.5) (layer B.SilkS) (width 0.1))
    (fp_line (start 3.1 0.5) (end 3.2 0.45) (layer B.SilkS) (width 0.1))
    (fp_line (start 3.2 0.45) (end 3.2 -0.45) (layer B.SilkS) (width 0.1))
    (fp_line (start 3.2 -0.45) (end 3.3 -0.4) (layer B.SilkS) (width 0.1))
    (fp_line (start 3.3 -0.4) (end 3.3 0.4) (layer B.SilkS) (width 0.1))
    (fp_line (start 3.3 0.4) (end 3.4 0.3) (layer B.SilkS) (width 0.1))
    (fp_line (start 3.4 0.3) (end 3.4 -0.35) (layer B.SilkS) (width 0.1))
    (fp_line (start 3.4 -0.35) (end 3.5 -0.25) (layer B.SilkS) (width 0.1))
    (fp_line (start 3.5 -0.25) (end 3.5 0.25) (layer B.SilkS) (width 0.1))
    (fp_line (start 3.5 0.25) (end 3.6 0.2) (layer B.SilkS) (width 0.1))
    (fp_line (start 3.6 0.2) (end 3.6 -0.2) (layer B.SilkS) (width 0.1))
    (fp_line (start 3.6 -0.2) (end 3.7 -0.15) (layer B.SilkS) (width 0.1))
    (fp_line (start 3.7 -0.15) (end 3.7 0.15) (layer B.SilkS) (width 0.1))
    (fp_line (start 3.7 0.15) (end 3.8 0.05) (layer B.SilkS) (width 0.1))
    (fp_line (start 3.8 0.05) (end 3.8 -0.1) (layer B.SilkS) (width 0.1))
    (fp_line (start 3.8 -0.1) (end 2.55 -0.9) (layer B.SilkS) (width 0.1))
    (fp_line (start 3.85 0.05) (end 2.55 0.9) (layer B.SilkS) (width 0.1))
    (fp_line (start 2.55 0.9) (end 2.75 0.7) (layer B.SilkS) (width 0.1))
    (pad 1 smd rect (at -10 -5.8 45) (size 4 6) (layers B.Cu B.Paste B.Mask)
      (net 19 +24V))
    (pad 2 smd rect (at -10 5.8 45) (size 4 6) (layers B.Cu B.Paste B.Mask)
      (net 1 GND))
    (pad 4 smd rect (at 10 -5.8 45) (size 4 6) (layers B.Cu B.Paste B.Mask)
      (net 4 VCC))
    (pad 3 smd rect (at 10 5.8 45) (size 4 6) (layers B.Cu B.Paste B.Mask)
      (net 1 GND))
  )

  (module otter:C-THT-as-SMD (layer B.Cu) (tedit 5DB71B9A) (tstamp 5DCE9802)
    (at 70.02 31.71 225)
    (path /5DBA04DA)
    (fp_text reference C19 (at 0 10.1 225) (layer B.SilkS)
      (effects (font (size 1 1) (thickness 0.15)) (justify mirror))
    )
    (fp_text value CP (at 0 11.1 225) (layer B.Fab)
      (effects (font (size 1 1) (thickness 0.15)) (justify mirror))
    )
    (fp_poly (pts (xy -4.95 -10) (xy -4 -10) (xy -4 0) (xy -5 0)) (layer B.SilkS) (width 0.1))
    (fp_line (start 5 0) (end -5 0) (layer B.SilkS) (width 0.1))
    (fp_line (start 5 -10) (end 5 0) (layer B.SilkS) (width 0.1))
    (fp_line (start -5 -10) (end 5 -10) (layer B.SilkS) (width 0.1))
    (fp_line (start -5 0) (end -5 -10) (layer B.SilkS) (width 0.1))
    (pad 1 smd rect (at 2.5 3.5 225) (size 2 6) (layers B.Cu B.Paste B.Mask)
      (net 4 VCC))
    (pad 2 smd rect (at -2.5 3.5 225) (size 2 6) (layers B.Cu B.Paste B.Mask)
      (net 1 GND))
  )

  (module otter:C-THT-as-SMD (layer B.Cu) (tedit 5DB71B9A) (tstamp 5DC8130E)
    (at 48.16 65.03 135)
    (path /5DB93E61)
    (fp_text reference C16 (at 0 10.1 135) (layer B.SilkS)
      (effects (font (size 1 1) (thickness 0.15)) (justify mirror))
    )
    (fp_text value CP (at 0 11.1 135) (layer B.Fab)
      (effects (font (size 1 1) (thickness 0.15)) (justify mirror))
    )
    (fp_poly (pts (xy -4.95 -10) (xy -4 -10) (xy -4 0) (xy -5 0)) (layer B.SilkS) (width 0.1))
    (fp_line (start 5 0) (end -5 0) (layer B.SilkS) (width 0.1))
    (fp_line (start 5 -10) (end 5 0) (layer B.SilkS) (width 0.1))
    (fp_line (start -5 -10) (end 5 -10) (layer B.SilkS) (width 0.1))
    (fp_line (start -5 0) (end -5 -10) (layer B.SilkS) (width 0.1))
    (pad 1 smd rect (at 2.5 3.5 135) (size 2 6) (layers B.Cu B.Paste B.Mask)
      (net 19 +24V))
    (pad 2 smd rect (at -2.5 3.5 135) (size 2 6) (layers B.Cu B.Paste B.Mask)
      (net 1 GND))
  )

  (module otter:C-THT-as-SMD (layer B.Cu) (tedit 5DB71B9A) (tstamp 5DCE97EC)
    (at 33.25 49.75 315)
    (path /5DB971D6)
    (fp_text reference C17 (at 0 10.1 315) (layer B.SilkS)
      (effects (font (size 1 1) (thickness 0.15)) (justify mirror))
    )
    (fp_text value CP (at 0 11.1 315) (layer B.Fab)
      (effects (font (size 1 1) (thickness 0.15)) (justify mirror))
    )
    (fp_poly (pts (xy -4.95 -10) (xy -4 -10) (xy -4 0) (xy -5 0)) (layer B.SilkS) (width 0.1))
    (fp_line (start 5 0) (end -5 0) (layer B.SilkS) (width 0.1))
    (fp_line (start 5 -10) (end 5 0) (layer B.SilkS) (width 0.1))
    (fp_line (start -5 -10) (end 5 -10) (layer B.SilkS) (width 0.1))
    (fp_line (start -5 0) (end -5 -10) (layer B.SilkS) (width 0.1))
    (pad 1 smd rect (at 2.5 3.5 315) (size 2 6) (layers B.Cu B.Paste B.Mask)
      (net 4 VCC))
    (pad 2 smd rect (at -2.5 3.5 315) (size 2 6) (layers B.Cu B.Paste B.Mask)
      (net 1 GND))
  )

  (module otter:C-THT-as-SMD (layer B.Cu) (tedit 5DB71B9A) (tstamp 5DCE97E1)
    (at 30 18.75 135)
    (path /5DB9ECC0)
    (fp_text reference C18 (at 0 10.1 135) (layer B.SilkS)
      (effects (font (size 1 1) (thickness 0.15)) (justify mirror))
    )
    (fp_text value CP (at 0 11.1 135) (layer B.Fab)
      (effects (font (size 1 1) (thickness 0.15)) (justify mirror))
    )
    (fp_poly (pts (xy -4.95 -10) (xy -4 -10) (xy -4 0) (xy -5 0)) (layer B.SilkS) (width 0.1))
    (fp_line (start 5 0) (end -5 0) (layer B.SilkS) (width 0.1))
    (fp_line (start 5 -10) (end 5 0) (layer B.SilkS) (width 0.1))
    (fp_line (start -5 -10) (end 5 -10) (layer B.SilkS) (width 0.1))
    (fp_line (start -5 0) (end -5 -10) (layer B.SilkS) (width 0.1))
    (pad 1 smd rect (at 2.5 3.5 135) (size 2 6) (layers B.Cu B.Paste B.Mask)
      (net 4 VCC))
    (pad 2 smd rect (at -2.5 3.5 135) (size 2 6) (layers B.Cu B.Paste B.Mask)
      (net 1 GND))
  )

  (module Connector_JST:JST_PH_S3B-PH-SM4-TB_1x03-1MP_P2.00mm_Horizontal (layer B.Cu) (tedit 5B78AD87) (tstamp 5DCE9ADA)
    (at 80.8 21.7 349)
    (descr "JST PH series connector, S3B-PH-SM4-TB (http://www.jst-mfg.com/product/pdf/eng/ePH.pdf), generated with kicad-footprint-generator")
    (tags "connector JST PH top entry")
    (path /5DB81518)
    (attr smd)
    (fp_text reference J1 (at 0 5.8 349) (layer B.SilkS)
      (effects (font (size 1 1) (thickness 0.15)) (justify mirror))
    )
    (fp_text value IN (at 0 -5.8 349) (layer B.Fab)
      (effects (font (size 1 1) (thickness 0.15)) (justify mirror))
    )
    (fp_text user %R (at 0 -1.5 349) (layer B.Fab)
      (effects (font (size 1 1) (thickness 0.15)) (justify mirror))
    )
    (fp_line (start -2 0.892893) (end -1.5 1.6) (layer B.Fab) (width 0.1))
    (fp_line (start -2.5 1.6) (end -2 0.892893) (layer B.Fab) (width 0.1))
    (fp_line (start 5.6 5.1) (end -5.6 5.1) (layer B.CrtYd) (width 0.05))
    (fp_line (start 5.6 -5.1) (end 5.6 5.1) (layer B.CrtYd) (width 0.05))
    (fp_line (start -5.6 -5.1) (end 5.6 -5.1) (layer B.CrtYd) (width 0.05))
    (fp_line (start -5.6 5.1) (end -5.6 -5.1) (layer B.CrtYd) (width 0.05))
    (fp_line (start 4.95 3.2) (end 4.95 -4.4) (layer B.Fab) (width 0.1))
    (fp_line (start -4.95 3.2) (end -4.95 -4.4) (layer B.Fab) (width 0.1))
    (fp_line (start -4.95 -4.4) (end 4.95 -4.4) (layer B.Fab) (width 0.1))
    (fp_line (start -3.34 -4.51) (end 3.34 -4.51) (layer B.SilkS) (width 0.12))
    (fp_line (start 4.04 1.71) (end 2.76 1.71) (layer B.SilkS) (width 0.12))
    (fp_line (start 4.04 3.31) (end 4.04 1.71) (layer B.SilkS) (width 0.12))
    (fp_line (start 5.06 3.31) (end 4.04 3.31) (layer B.SilkS) (width 0.12))
    (fp_line (start 5.06 -0.94) (end 5.06 3.31) (layer B.SilkS) (width 0.12))
    (fp_line (start -2.76 1.71) (end -2.76 4.6) (layer B.SilkS) (width 0.12))
    (fp_line (start -4.04 1.71) (end -2.76 1.71) (layer B.SilkS) (width 0.12))
    (fp_line (start -4.04 3.31) (end -4.04 1.71) (layer B.SilkS) (width 0.12))
    (fp_line (start -5.06 3.31) (end -4.04 3.31) (layer B.SilkS) (width 0.12))
    (fp_line (start -5.06 -0.94) (end -5.06 3.31) (layer B.SilkS) (width 0.12))
    (fp_line (start 4.15 3.2) (end 4.95 3.2) (layer B.Fab) (width 0.1))
    (fp_line (start 4.15 1.6) (end 4.15 3.2) (layer B.Fab) (width 0.1))
    (fp_line (start -4.15 1.6) (end 4.15 1.6) (layer B.Fab) (width 0.1))
    (fp_line (start -4.15 3.2) (end -4.15 1.6) (layer B.Fab) (width 0.1))
    (fp_line (start -4.95 3.2) (end -4.15 3.2) (layer B.Fab) (width 0.1))
    (pad MP smd roundrect (at 4.35 -2.9 349) (size 1.5 3.4) (layers B.Cu B.Paste B.Mask) (roundrect_rratio 0.166667)
      (net 1 GND))
    (pad MP smd roundrect (at -4.35 -2.9 349) (size 1.5 3.4) (layers B.Cu B.Paste B.Mask) (roundrect_rratio 0.166667)
      (net 1 GND))
    (pad 3 smd roundrect (at 2 2.849999 349) (size 1 3.5) (layers B.Cu B.Paste B.Mask) (roundrect_rratio 0.25)
      (net 1 GND))
    (pad 2 smd roundrect (at 0 2.85 349) (size 1 3.5) (layers B.Cu B.Paste B.Mask) (roundrect_rratio 0.25)
      (net 6 DIN))
    (pad 1 smd roundrect (at -2 2.85 349) (size 1 3.5) (layers B.Cu B.Paste B.Mask) (roundrect_rratio 0.25)
      (net 19 +24V))
    (model ${KISYS3DMOD}/Connector_JST.3dshapes/JST_PH_S3B-PH-SM4-TB_1x03-1MP_P2.00mm_Horizontal.wrl
      (at (xyz 0 0 0))
      (scale (xyz 1 1 1))
      (rotate (xyz 0 0 0))
    )
  )

  (module Connector_JST:JST_PH_S3B-PH-SM4-TB_1x03-1MP_P2.00mm_Horizontal (layer B.Cu) (tedit 5B78AD87) (tstamp 5DCE9AB8)
    (at 21.7 81.4 101)
    (descr "JST PH series connector, S3B-PH-SM4-TB (http://www.jst-mfg.com/product/pdf/eng/ePH.pdf), generated with kicad-footprint-generator")
    (tags "connector JST PH top entry")
    (path /5DB82F42)
    (attr smd)
    (fp_text reference J2 (at 0 5.8 101) (layer B.SilkS)
      (effects (font (size 1 1) (thickness 0.15)) (justify mirror))
    )
    (fp_text value IN (at 0 -5.8 101) (layer B.Fab)
      (effects (font (size 1 1) (thickness 0.15)) (justify mirror))
    )
    (fp_line (start -4.95 3.2) (end -4.15 3.2) (layer B.Fab) (width 0.1))
    (fp_line (start -4.15 3.2) (end -4.15 1.6) (layer B.Fab) (width 0.1))
    (fp_line (start -4.15 1.6) (end 4.15 1.6) (layer B.Fab) (width 0.1))
    (fp_line (start 4.15 1.6) (end 4.15 3.2) (layer B.Fab) (width 0.1))
    (fp_line (start 4.15 3.2) (end 4.95 3.2) (layer B.Fab) (width 0.1))
    (fp_line (start -5.06 -0.94) (end -5.06 3.31) (layer B.SilkS) (width 0.12))
    (fp_line (start -5.06 3.31) (end -4.04 3.31) (layer B.SilkS) (width 0.12))
    (fp_line (start -4.04 3.31) (end -4.04 1.71) (layer B.SilkS) (width 0.12))
    (fp_line (start -4.04 1.71) (end -2.76 1.71) (layer B.SilkS) (width 0.12))
    (fp_line (start -2.76 1.71) (end -2.76 4.6) (layer B.SilkS) (width 0.12))
    (fp_line (start 5.06 -0.94) (end 5.06 3.31) (layer B.SilkS) (width 0.12))
    (fp_line (start 5.06 3.31) (end 4.04 3.31) (layer B.SilkS) (width 0.12))
    (fp_line (start 4.04 3.31) (end 4.04 1.71) (layer B.SilkS) (width 0.12))
    (fp_line (start 4.04 1.71) (end 2.76 1.71) (layer B.SilkS) (width 0.12))
    (fp_line (start -3.34 -4.51) (end 3.34 -4.51) (layer B.SilkS) (width 0.12))
    (fp_line (start -4.95 -4.4) (end 4.95 -4.4) (layer B.Fab) (width 0.1))
    (fp_line (start -4.95 3.2) (end -4.95 -4.4) (layer B.Fab) (width 0.1))
    (fp_line (start 4.95 3.2) (end 4.95 -4.4) (layer B.Fab) (width 0.1))
    (fp_line (start -5.6 5.1) (end -5.6 -5.1) (layer B.CrtYd) (width 0.05))
    (fp_line (start -5.6 -5.1) (end 5.6 -5.1) (layer B.CrtYd) (width 0.05))
    (fp_line (start 5.6 -5.1) (end 5.6 5.1) (layer B.CrtYd) (width 0.05))
    (fp_line (start 5.6 5.1) (end -5.6 5.1) (layer B.CrtYd) (width 0.05))
    (fp_line (start -2.5 1.6) (end -2 0.892893) (layer B.Fab) (width 0.1))
    (fp_line (start -2 0.892893) (end -1.5 1.6) (layer B.Fab) (width 0.1))
    (fp_text user %R (at 0 -1.5 101) (layer B.Fab)
      (effects (font (size 1 1) (thickness 0.15)) (justify mirror))
    )
    (pad 1 smd roundrect (at -2 2.849999 101) (size 1 3.5) (layers B.Cu B.Paste B.Mask) (roundrect_rratio 0.25)
      (net 1 GND))
    (pad 2 smd roundrect (at 0 2.85 101) (size 1 3.5) (layers B.Cu B.Paste B.Mask) (roundrect_rratio 0.25)
      (net 5 DOUT))
    (pad 3 smd roundrect (at 2 2.85 101) (size 1 3.5) (layers B.Cu B.Paste B.Mask) (roundrect_rratio 0.25)
      (net 19 +24V))
    (pad MP smd roundrect (at -4.35 -2.9 101) (size 1.5 3.4) (layers B.Cu B.Paste B.Mask) (roundrect_rratio 0.166667)
      (net 1 GND))
    (pad MP smd roundrect (at 4.35 -2.9 101) (size 1.5 3.4) (layers B.Cu B.Paste B.Mask) (roundrect_rratio 0.166667)
      (net 1 GND))
    (model ${KISYS3DMOD}/Connector_JST.3dshapes/JST_PH_S3B-PH-SM4-TB_1x03-1MP_P2.00mm_Horizontal.wrl
      (at (xyz 0 0 0))
      (scale (xyz 1 1 1))
      (rotate (xyz 0 0 0))
    )
  )

  (module Capacitor_SMD:C_0603_1608Metric (layer F.Cu) (tedit 5B301BBE) (tstamp 5DC26300)
    (at 62.943153 17.693153 315)
    (descr "Capacitor SMD 0603 (1608 Metric), square (rectangular) end terminal, IPC_7351 nominal, (Body size source: http://www.tortai-tech.com/upload/download/2011102023233369053.pdf), generated with kicad-footprint-generator")
    (tags capacitor)
    (path /5DB7171C/5DB60BAD)
    (attr smd)
    (fp_text reference C2 (at 0 -1.43 315) (layer F.SilkS)
      (effects (font (size 1 1) (thickness 0.15)))
    )
    (fp_text value C (at 0 1.43 315) (layer F.Fab)
      (effects (font (size 1 1) (thickness 0.15)))
    )
    (fp_line (start -0.8 0.4) (end -0.8 -0.4) (layer F.Fab) (width 0.1))
    (fp_line (start -0.8 -0.4) (end 0.8 -0.4) (layer F.Fab) (width 0.1))
    (fp_line (start 0.8 -0.4) (end 0.8 0.4) (layer F.Fab) (width 0.1))
    (fp_line (start 0.8 0.4) (end -0.8 0.4) (layer F.Fab) (width 0.1))
    (fp_line (start -0.162779 -0.51) (end 0.162779 -0.51) (layer F.SilkS) (width 0.12))
    (fp_line (start -0.162779 0.51) (end 0.162779 0.51) (layer F.SilkS) (width 0.12))
    (fp_line (start -1.48 0.73) (end -1.48 -0.73) (layer F.CrtYd) (width 0.05))
    (fp_line (start -1.48 -0.73) (end 1.48 -0.73) (layer F.CrtYd) (width 0.05))
    (fp_line (start 1.48 -0.73) (end 1.48 0.73) (layer F.CrtYd) (width 0.05))
    (fp_line (start 1.48 0.73) (end -1.48 0.73) (layer F.CrtYd) (width 0.05))
    (fp_text user %R (at 0 0 315) (layer F.Fab)
      (effects (font (size 0.4 0.4) (thickness 0.06)))
    )
    (pad 1 smd roundrect (at -0.7875 0 315) (size 0.875 0.95) (layers F.Cu F.Paste F.Mask) (roundrect_rratio 0.25)
      (net 4 VCC))
    (pad 2 smd roundrect (at 0.7875 0 315) (size 0.875 0.95) (layers F.Cu F.Paste F.Mask) (roundrect_rratio 0.25)
      (net 1 GND))
    (model ${KISYS3DMOD}/Capacitor_SMD.3dshapes/C_0603_1608Metric.wrl
      (at (xyz 0 0 0))
      (scale (xyz 1 1 1))
      (rotate (xyz 0 0 0))
    )
  )

  (module Capacitor_SMD:C_0603_1608Metric (layer F.Cu) (tedit 5B301BBE) (tstamp 5DC262EF)
    (at 33.75 58.5 135)
    (descr "Capacitor SMD 0603 (1608 Metric), square (rectangular) end terminal, IPC_7351 nominal, (Body size source: http://www.tortai-tech.com/upload/download/2011102023233369053.pdf), generated with kicad-footprint-generator")
    (tags capacitor)
    (path /5DB7235A/5DB60BAD)
    (attr smd)
    (fp_text reference C14 (at 0 -1.43 135) (layer F.SilkS)
      (effects (font (size 1 1) (thickness 0.15)))
    )
    (fp_text value C (at 0 1.43 135) (layer F.Fab)
      (effects (font (size 1 1) (thickness 0.15)))
    )
    (fp_text user %R (at 0 0 135) (layer F.Fab)
      (effects (font (size 0.4 0.4) (thickness 0.06)))
    )
    (fp_line (start 1.48 0.73) (end -1.48 0.73) (layer F.CrtYd) (width 0.05))
    (fp_line (start 1.48 -0.73) (end 1.48 0.73) (layer F.CrtYd) (width 0.05))
    (fp_line (start -1.48 -0.73) (end 1.48 -0.73) (layer F.CrtYd) (width 0.05))
    (fp_line (start -1.48 0.73) (end -1.48 -0.73) (layer F.CrtYd) (width 0.05))
    (fp_line (start -0.162779 0.51) (end 0.162779 0.51) (layer F.SilkS) (width 0.12))
    (fp_line (start -0.162779 -0.51) (end 0.162779 -0.51) (layer F.SilkS) (width 0.12))
    (fp_line (start 0.8 0.4) (end -0.8 0.4) (layer F.Fab) (width 0.1))
    (fp_line (start 0.8 -0.4) (end 0.8 0.4) (layer F.Fab) (width 0.1))
    (fp_line (start -0.8 -0.4) (end 0.8 -0.4) (layer F.Fab) (width 0.1))
    (fp_line (start -0.8 0.4) (end -0.8 -0.4) (layer F.Fab) (width 0.1))
    (pad 2 smd roundrect (at 0.7875 0 135) (size 0.875 0.95) (layers F.Cu F.Paste F.Mask) (roundrect_rratio 0.25)
      (net 1 GND))
    (pad 1 smd roundrect (at -0.7875 0 135) (size 0.875 0.95) (layers F.Cu F.Paste F.Mask) (roundrect_rratio 0.25)
      (net 4 VCC))
    (model ${KISYS3DMOD}/Capacitor_SMD.3dshapes/C_0603_1608Metric.wrl
      (at (xyz 0 0 0))
      (scale (xyz 1 1 1))
      (rotate (xyz 0 0 0))
    )
  )

  (module Capacitor_SMD:C_0603_1608Metric (layer F.Cu) (tedit 5B301BBE) (tstamp 5DC262DE)
    (at 19 65.75 135)
    (descr "Capacitor SMD 0603 (1608 Metric), square (rectangular) end terminal, IPC_7351 nominal, (Body size source: http://www.tortai-tech.com/upload/download/2011102023233369053.pdf), generated with kicad-footprint-generator")
    (tags capacitor)
    (path /5DB72344/5DB60BAD)
    (attr smd)
    (fp_text reference C13 (at 0 -1.43 135) (layer F.SilkS)
      (effects (font (size 1 1) (thickness 0.15)))
    )
    (fp_text value C (at 0 1.43 135) (layer F.Fab)
      (effects (font (size 1 1) (thickness 0.15)))
    )
    (fp_line (start -0.8 0.4) (end -0.8 -0.4) (layer F.Fab) (width 0.1))
    (fp_line (start -0.8 -0.4) (end 0.8 -0.4) (layer F.Fab) (width 0.1))
    (fp_line (start 0.8 -0.4) (end 0.8 0.4) (layer F.Fab) (width 0.1))
    (fp_line (start 0.8 0.4) (end -0.8 0.4) (layer F.Fab) (width 0.1))
    (fp_line (start -0.162779 -0.51) (end 0.162779 -0.51) (layer F.SilkS) (width 0.12))
    (fp_line (start -0.162779 0.51) (end 0.162779 0.51) (layer F.SilkS) (width 0.12))
    (fp_line (start -1.48 0.73) (end -1.48 -0.73) (layer F.CrtYd) (width 0.05))
    (fp_line (start -1.48 -0.73) (end 1.48 -0.73) (layer F.CrtYd) (width 0.05))
    (fp_line (start 1.48 -0.73) (end 1.48 0.73) (layer F.CrtYd) (width 0.05))
    (fp_line (start 1.48 0.73) (end -1.48 0.73) (layer F.CrtYd) (width 0.05))
    (fp_text user %R (at 0 0 135) (layer F.Fab)
      (effects (font (size 0.4 0.4) (thickness 0.06)))
    )
    (pad 1 smd roundrect (at -0.7875 0 135) (size 0.875 0.95) (layers F.Cu F.Paste F.Mask) (roundrect_rratio 0.25)
      (net 4 VCC))
    (pad 2 smd roundrect (at 0.7875 0 135) (size 0.875 0.95) (layers F.Cu F.Paste F.Mask) (roundrect_rratio 0.25)
      (net 1 GND))
    (model ${KISYS3DMOD}/Capacitor_SMD.3dshapes/C_0603_1608Metric.wrl
      (at (xyz 0 0 0))
      (scale (xyz 1 1 1))
      (rotate (xyz 0 0 0))
    )
  )

  (module Capacitor_SMD:C_0603_1608Metric (layer F.Cu) (tedit 5B301BBE) (tstamp 5DC262CD)
    (at 24 39 315)
    (descr "Capacitor SMD 0603 (1608 Metric), square (rectangular) end terminal, IPC_7351 nominal, (Body size source: http://www.tortai-tech.com/upload/download/2011102023233369053.pdf), generated with kicad-footprint-generator")
    (tags capacitor)
    (path /5DB7232E/5DB60BAD)
    (attr smd)
    (fp_text reference C12 (at 0 -1.43 315) (layer F.SilkS)
      (effects (font (size 1 1) (thickness 0.15)))
    )
    (fp_text value C (at 0 1.43 315) (layer F.Fab)
      (effects (font (size 1 1) (thickness 0.15)))
    )
    (fp_text user %R (at 0 0 315) (layer F.Fab)
      (effects (font (size 0.4 0.4) (thickness 0.06)))
    )
    (fp_line (start 1.48 0.73) (end -1.48 0.73) (layer F.CrtYd) (width 0.05))
    (fp_line (start 1.48 -0.73) (end 1.48 0.73) (layer F.CrtYd) (width 0.05))
    (fp_line (start -1.48 -0.73) (end 1.48 -0.73) (layer F.CrtYd) (width 0.05))
    (fp_line (start -1.48 0.73) (end -1.48 -0.73) (layer F.CrtYd) (width 0.05))
    (fp_line (start -0.162779 0.51) (end 0.162779 0.51) (layer F.SilkS) (width 0.12))
    (fp_line (start -0.162779 -0.51) (end 0.162779 -0.51) (layer F.SilkS) (width 0.12))
    (fp_line (start 0.8 0.4) (end -0.8 0.4) (layer F.Fab) (width 0.1))
    (fp_line (start 0.8 -0.4) (end 0.8 0.4) (layer F.Fab) (width 0.1))
    (fp_line (start -0.8 -0.4) (end 0.8 -0.4) (layer F.Fab) (width 0.1))
    (fp_line (start -0.8 0.4) (end -0.8 -0.4) (layer F.Fab) (width 0.1))
    (pad 2 smd roundrect (at 0.7875 0 315) (size 0.875 0.95) (layers F.Cu F.Paste F.Mask) (roundrect_rratio 0.25)
      (net 1 GND))
    (pad 1 smd roundrect (at -0.7875 0 315) (size 0.875 0.95) (layers F.Cu F.Paste F.Mask) (roundrect_rratio 0.25)
      (net 4 VCC))
    (model ${KISYS3DMOD}/Capacitor_SMD.3dshapes/C_0603_1608Metric.wrl
      (at (xyz 0 0 0))
      (scale (xyz 1 1 1))
      (rotate (xyz 0 0 0))
    )
  )

  (module Capacitor_SMD:C_0603_1608Metric (layer F.Cu) (tedit 5B301BBE) (tstamp 5DC262BC)
    (at 47.5 42 315)
    (descr "Capacitor SMD 0603 (1608 Metric), square (rectangular) end terminal, IPC_7351 nominal, (Body size source: http://www.tortai-tech.com/upload/download/2011102023233369053.pdf), generated with kicad-footprint-generator")
    (tags capacitor)
    (path /5DB72318/5DB60BAD)
    (attr smd)
    (fp_text reference C11 (at 0 -1.43 315) (layer F.SilkS)
      (effects (font (size 1 1) (thickness 0.15)))
    )
    (fp_text value C (at 0 1.43 315) (layer F.Fab)
      (effects (font (size 1 1) (thickness 0.15)))
    )
    (fp_line (start -0.8 0.4) (end -0.8 -0.4) (layer F.Fab) (width 0.1))
    (fp_line (start -0.8 -0.4) (end 0.8 -0.4) (layer F.Fab) (width 0.1))
    (fp_line (start 0.8 -0.4) (end 0.8 0.4) (layer F.Fab) (width 0.1))
    (fp_line (start 0.8 0.4) (end -0.8 0.4) (layer F.Fab) (width 0.1))
    (fp_line (start -0.162779 -0.51) (end 0.162779 -0.51) (layer F.SilkS) (width 0.12))
    (fp_line (start -0.162779 0.51) (end 0.162779 0.51) (layer F.SilkS) (width 0.12))
    (fp_line (start -1.48 0.73) (end -1.48 -0.73) (layer F.CrtYd) (width 0.05))
    (fp_line (start -1.48 -0.73) (end 1.48 -0.73) (layer F.CrtYd) (width 0.05))
    (fp_line (start 1.48 -0.73) (end 1.48 0.73) (layer F.CrtYd) (width 0.05))
    (fp_line (start 1.48 0.73) (end -1.48 0.73) (layer F.CrtYd) (width 0.05))
    (fp_text user %R (at 0 0 315) (layer F.Fab)
      (effects (font (size 0.4 0.4) (thickness 0.06)))
    )
    (pad 1 smd roundrect (at -0.7875 0 315) (size 0.875 0.95) (layers F.Cu F.Paste F.Mask) (roundrect_rratio 0.25)
      (net 4 VCC))
    (pad 2 smd roundrect (at 0.7875 0 315) (size 0.875 0.95) (layers F.Cu F.Paste F.Mask) (roundrect_rratio 0.25)
      (net 1 GND))
    (model ${KISYS3DMOD}/Capacitor_SMD.3dshapes/C_0603_1608Metric.wrl
      (at (xyz 0 0 0))
      (scale (xyz 1 1 1))
      (rotate (xyz 0 0 0))
    )
  )

